0 0.060142 0.421910 0.075472 0.688616
0 0.120873 0.411261 0.079009 0.745409
0 0.178656 0.464504 0.062500 0.631823
0 0.239976 0.444982 0.083726 0.670868
0 0.304245 0.446756 0.075472 0.660220
0 0.368514 0.453856 0.067217 0.653120
0 0.426297 0.457405 0.057783 0.660220
0 0.485259 0.423684 0.069575 0.734761
0 0.541863 0.510649 0.053066 0.567931
0 0.593750 0.425459 0.076651 0.702814
0 0.658019 0.464504 0.066038 0.674418
0 0.715212 0.510649 0.069575 0.575030
0 0.770047 0.444982 0.063679 0.670868
0 0.830778 0.436108 0.081368 0.717013
0 0.893278 0.494676 0.067217 0.614075
0 0.956368 0.469829 0.070755 0.685067