0 0.172556 0.209364 0.183746 0.344523
0 0.311543 0.239399 0.174323 0.326855
0 0.446996 0.221731 0.138987 0.326855
0 0.594229 0.238516 0.155477 0.314488
0 0.719081 0.221731 0.141343 0.302120
0 0.849823 0.218198 0.134276 0.295053
0 0.953475 0.222615 0.082450 0.289753
0 0.202002 0.579505 0.167256 0.307420
0 0.352768 0.557420 0.148410 0.302120
0 0.503534 0.546820 0.153121 0.291519
0 0.643698 0.543286 0.127208 0.287986
0 0.741461 0.516784 0.106007 0.238516
0 0.874558 0.537102 0.155477 0.275618
0 0.096879 0.795053 0.193757 0.180212
0 0.214959 0.795053 0.127208 0.194346
0 0.348057 0.879859 0.124853 0.204947
0 0.459953 0.831272 0.117786 0.224382
0 0.578916 0.773852 0.087161 0.204947